Farhan,19,Male,01161327242
Farhan,19,Male,01161327242
,,,
Farhan,19,Male,01161327242
,,,
,,,
,,,
Farhan,19,Male,01116327242
Farhan,19,Male,01161327242
,,,
,,,
,,,
,,,
,,,
,,,
Mushfiq,22,Male,01161327242
,,,
,,,
,,,
,,,
,,,
Kaniz,21,Female,0189181610
Kaniz Babu,21,Female,0189181610
,,,
,,,
,,,
,,,
,,,
,,,
,,,
,,,
,,,
,,,
,,,
,,,
,,,
,,,
,,,
,,,
,,,
,,,
,,,
,,,
,,,
,,,
,,,
,,,
,,,
,,,
Kaniz,19,Female,01161327242
keanu reeves,30,male,0189181610
123,123,123,123
123,123,123,123
123,123,123,123
123,123,123,123
123,123,123,123
123,123,123,123
fatass,19,male,01161327242
Cum,19,Male,01161327242
Farhan,19,Male,01161327242
Farhan,19,Male,01161327242
Farhan,19,Male,01161327242
Farhan,19,Male,01161327242
asd,12,asd,12
123,123,123,123
123,123,123,123
123,123,123,123
123,123,123,123
123,123,123,123
123,123,123,123
123,123,123,123
123,123,123,123
123,123,123,123
123,123,123,123
123,123,123,123
Farhan,19,Male,01161327242
Farhan,19,Male,01161327242
dwight,34,male,01625311047
123,123,123,123
daenarys,21,female,01677367335
123,123,123,123
123,123,123,123
234,234,234,234
ujuyfhgf,21,male,939345473298
hgsfd,72,male,726538
farhan,19,male,011611676
123,123,123,123
123,123,123,123
Farhan,19,Male,01161327242
Farhan,19,Male,01161327242
Farhan,19,Male,01161327242
,,,
,,,
Farhan,19,Male,01161327242
123,123,123,123
123,123,123,123
123,123,123,123
123,123,123,123
123,123,123,123
234,234,234,234
123,123,123,123
123,123,123,123
234,234,234,234
Hanna,21,Female,017865242
Timothy,21,Female,0178227302
roger,32,male,028797638
farhan,19,male,01161327242
asd,123,123,123
Farhan,19,Male,123456
Timothy,21,Female,178227302
Timothy,21,Female,178227302
Timothy,21,Female,178227302
Timothy,21,Female,178227302
Farhan,19,Male,12345
Farhan,19,Male,12345
Farhan,19,Male,12345
Farhan,19,Male,12345
Farhan,19,Male,123456
Farhan,19,Male,123456
Farhan,19,Male,123456
Farhan,19,Male,01161327242
Farhan,19,Male,01161327242
Farhan,19,Male,01161327242
Farhan,19,Male,01161327242
Hasanul,19,Female,072666198
Farhan,19,Male,0505402748
,,,
,,,
123,123,123,123
123,123,123,123
123,123,123,123
123,123,123,123
123,123,123,123
123,123,123,123
123,123,123,123
123,123,123,123
farhan,19,male,12345
123,123,123,123
123,123,123,123
123,123,123,123
234,234,234,234
123,123,123,123
234,234,234,234
234,234,234,234
123,123,123,123
123,123,123,123
,,,
123,123,123,123
123,123,123,123
234,234,234,234
123,123,123,123
234,234,234,234
123,123,123,123
123,123,123,123
123,123,123,123
123,123,123,123
234,234,234,234
234,234,234,234
123,123,123,123
123,123,123,123
234,234,234,234
345,345,345,345
Farhan,19,Male,01161327242
123,123,123,123
234,234,234,234
123,123,123,123
234,234,234,234
234,234,234,234
123,123,123,123
123,123,123,123
123,123,123,123
123,123,123,123
123,123,123,123
123,123,123,123
123,123,123,123
123,123,123,123
123,123,123,123
123,123,123,123
123,123,123,123
123,123,123,123
123,123,123,123
1234,1234,1234,1234
123,123,123,123
123,123,123,123
Imtihan,22,Male,0192849209
Farhan,19,Male,011
